%YAML:1.0
---
model_type: PINHOLE
camera_name: camera
image_width: 640
image_height: 480
distortion_parameters:
   k1: 0
   k2: 0
   p1: 0
   p2: 0
projection_parameters:
   fx: 385.27850341796875
   fy: 385.27850341796875
   cx: 319.3750915527344
   cy: 241.12330627441406
