%YAML:1.0
---
extrinsicRotation: !!opencv-matrix
   rows: 3
   cols: 3
   dt: d
   data: [ 1.3461469993258923e-03, -9.1848246014791801e-04,
       9.9999867213823168e-01, -9.9999002867916931e-01,
       -4.2592227867310761e-03, 1.3422233373259762e-03,
       4.2579843224792024e-03, -9.9999050766055952e-01,
       -9.2420684163840860e-04 ]
extrinsicTranslation: !!opencv-matrix
   rows: 3
   cols: 1
   dt: d
   data: [ 3.1357948136126759e-02, 1.1983566760920375e-02,
       8.1141969179948925e-03 ]
H: !!opencv-matrix
   rows: 4
   cols: 4
   dt: d
   data: [ 1.3461469993258923e-03, -9.1848246014791801e-04,
       9.9999867213823168e-01, 3.1357948136126759e-02,
       -9.9999002867916931e-01, -4.2592227867310761e-03,
       1.3422233373259762e-03, 1.1983566760920375e-02,
       4.2579843224792024e-03, -9.9999050766055952e-01,
       -9.2420684163840860e-04, 8.1141969179948925e-03, 0., 0., 0., 1. ]
