%YAML:1.0
---
extrinsicRotation: !!opencv-matrix
   rows: 3
   cols: 3
   dt: d
   data: [ 4.6502831299080061e-03, -1.3839059147489619e-03,
       9.9998822976634638e-01, -9.9998784131543905e-01,
       -1.6472101769440251e-03, 4.6480017127418227e-03,
       1.6407583918330859e-03, -9.9999768574884829e-01,
       -1.3915490819709220e-03 ]
extrinsicTranslation: !!opencv-matrix
   rows: 3
   cols: 1
   dt: d
   data: [ 4.0878494153999273e-02, -4.8968670310215505e-02,
       1.5374339784115097e-03 ]
H: !!opencv-matrix
   rows: 4
   cols: 4
   dt: d
   data: [ 4.6502831299080061e-03, -1.3839059147489619e-03,
       9.9998822976634638e-01, 4.0878494153999273e-02,
       -9.9998784131543905e-01, -1.6472101769440251e-03,
       4.6480017127418227e-03, -4.8968670310215505e-02,
       1.6407583918330859e-03, -9.9999768574884829e-01,
       -1.3915490819709220e-03, 1.5374339784115097e-03, 0., 0., 0., 1. ]
